Друть
514
521
538
539
399
376
391
405
394
349
603
612
269
93
94
36
17
18
15
22
23
24
166
219

Искра
620
621
622
623
624
607
613
680
640
402
434
235
256
247
249
90
92
96
133
24

Комсеничи
137
508
510
513
736
787
788
789
823
836
838
840
927

Круглянский АПТС
86
65
66
67
49
54
58
63
64
93
94
95
96
97
111

Круглянский Агро
45
845
841
528
531
532
842
653
549
572

Некрасово
49
51
53
55
108
111
116
132
133
141
142
145
146
191
196
787
707
667
823
558
582

Круглянский рассвет
636
379
328
330
340
364
593
581
495
355
357
359
361
242
224
392
225
226

Тетерино
4
6
13
15
16
22
26
54
55
58
59
83
84
269
467
874
885
925
926
927
941


Кировец
большая вероятность, что каншина есть и получится получиться, обороты, пробег, расход по месту, либо все, либо один из двух
безконтактный считыватель, по радио контакту через безконтактный считыватель
330р с НДС + 134р = 464р, обязательно нужно чтобы узнали


СЗАО Горы под вопросом.